8703207569
3920288635
6267855912
6247817907
8882071048
6919087711
3634092527
4706733215
4517253632
0187628224
2705496259
7738102038
8264868120
1058298222
7551678897
6956166500
3002359558
3773722444
5452073314
8626080370
7207192370
6541394024
6390469844
6131402371
9712744518
2308235547
9844010368
1529517073
2042926007
3615420271
0614513073
5087839090
9514083656
9965589959
1449865637
4164635484
0178930902
8039169717
6530376654
4725590215
1731702592
9795535254
1366775566
6617526950
2688127007
2186051638
2640750162
5630594234
2336857304
6861994499
5960624098
5846168239
4612930181
9131873747
8626914667
4042524271
5683027311
6328219461
6050579413
1134223766
5262241913
6508191052
3873052448
2826546834
1791292336
4634623433
7202687301
2737530013
7659214054
3943779821
2860143645
9870581191
2511971717
3346321132
6425994552
6569625354
9406749940
0103303200
4257890271
3684458361
3911708243
9777802642
0086181314
5419877853
0145587882
3503149821
0322247688
9359215426
9822300628
5050064419
9658023769
4239895212
9851266762
6458237059
5560691860
0351977469
2263778895
3118014780
1581734196
2111140082